261 SCRIPTA AD VlTAM ET OBITUM MELANTH. 262

111111111111111111111111111111111111 11111 1111111111 11911111111111111111111111111111111911911
1 1111 111111 91111111111111111 911 1111111, 11111111 9111111 111,11111111111111111111111111,1111111111
1111116111111111111116111111Θ11111111111111111111 11111 11191 1111111111, 31111111 111111111911111,
1111111111 1111111111 111 1111111111 91 111111, 1111 111111319111111111119111111111191111111111111111
1111 11111111. 111111 1111111 1111191111 11191 111 1111111111.
11111111 11111 111111 maximilianus Anno 111111111111111,111 11 1111 11111 1111111111 11111111
1118.111111111111 1111111119 91 1111911119. 11111 1111111111 111111 1111 111111 911111 1111111 11111111
111919 1111111111) 111 111111111111111) 1111. 1111111 9111111111,11111111111111111111111191111111111 w
1111111 1111111111 111111 1111111 ῧ11111111 11111 111111 1111111, 11 11111 11111, 111 11 1111111111 1111111111 111111)
11191111, 1111 1111 1111111 11111111111111111 11111111 91 1111111 1111111111 1111111.
11111,1111111111111111111111111ῦ1111111 ‚ ‚ ¹ ο
num 111111111111111111119, 111111 1111111111 11111111111111111111 111 1111 1111111111
1111111. 11111111111911111111111111111111111 1111, )11111111111· 111111111111111111111111
1111 11111111191111, 1111111111 11111111111111 11110111 ,1111 11111111111111 111 b¹¹¹¹¹¹¹¹¹¹1 1111
9111 1111111 1111111911,1111111111111111111111 &mmm 11 1111111 1111111 11 11 11111111 111

911 1111111119 , 111 11111 111111) 1111 1111111111 1111111111111111111111111119111111111111111

11111. 811111 1111111911111111 11111111191111111 11111111111111 11 111) 11111111 1111111111 111
11191111, 111111 111 1191 1111111111 au 11111111111111111111 1111111111 111111
11191 11111111 111111, 111111111111,11111111111, 1111111111111111111111111111131111111111111 =
111 1111111111 1111111111 1 9111111111 111911111111111, 1111111111111111111 ¹¹ 1111111 111111111111111

111 1111111111 11111111 9111111 1111111, mit 1111111111 11111111 mmmm 111111111111111111111 1111
1111111119 1111 9111111111 1111111111. 1111111111 1111111111 11111111111111111111111111111·

111111 1111111 11111111 1111111 1111111111111111111111 11111) 1111 11 1111 1111111111 111 1111111 1111111
11111 1111111111 111 1111111111 1111111 11111111 9111191111 1111, 1111111111111111 11111 ete.
fflt, 119111 1111111111 1111111111 1111111111· 111 11111111111111 1111919 111111 1111111111ῐί11) 1111,
3111111111 1561311111 111 1911111111 11 11181111111111, 1111 9111111111), 911111111111 '
11111 111111 Met 111 Praeceptor 111111 1111111111 11111111111111, 111 111Θ111111 111 1111111111 111,
11111111111111111111111311111 1111111111 1111111 11191, 919 11 111 10. Martii ³) 5¹ 1111111119 111.
1111111111111111 111111111111111 1111111111 111 1111 111111111119119111111119, 111 111 11
11111111111111 11111111111111111111111111111111 11111 &adn 1119111111, 1111 11111111111111111111 ’
Lutheri 1111911 11111111· 11111 1111 111111 1111111 1111111111 1111111919, 111 111111 111 11111111 119
11111111111111111111111111111111111111111111 1111111)11111111111111111111111. 1111 1111111111
111111 31111 1111 Θ11111111111111111111111111111 111111111111111111191111111 1111, 11111161111111
1111111 1111111111 11111111111111111 11111 111111 1111 111111 11111, 111 11111111111111111111111111 11
111 1111111111 1111111111 11111(1111111111111111111 1111 111 111811ρ1111111111 1111111, 1111 11111191 1111-
111111, 1111111111[1111111111131111111111111· 111 11111111111111, 1111111111 11 aud) 1111191111 111111 ’ ·
111111 11 1111111 1111111111, 111111 11 11111111 11111 11191111 111 111111111 1111111 1111111 9111111919
111 1111111111 11111111, 1111 111111 111) 111111 11111111111111111111111111111111111111111111111
11111191111111111111 1111111111 1111 1111 11111 1111111191 11111 ⁴) 11111, 1111· 1111911 1111 11111111 111
1111111111 111111 111 911 11111111 111 11111111 11 11111 111111111111111111191111, 11111111111111111111
11111111111111 11111111 11111111 11111 11111111 11111111111111111 1111191191 11111 11 11191191 1111
311111111111111111111111111111111111111 11111111. 111119111111111 1111911,1111111111 ·
11111111 1111111111 11911. ⁸ 81111111911111111111111111111111111191111 11111
31111111111111111111 1111111111 111 11 1111 1111 111 111111, 1111111111 fid) 1111111111 1111111111, 1111111
1111111111 11111 1111111 11111 11111 11111111111111 1111) 1111, 111111111111111111, 1111111 11111 111911
111111· 911111111111111111111111111111111111 111111 1111 111111. &o 11191111 aud), 1111 1111111111 “
8111111111 111111 111111 1111 1111111111, 11119111111111 ΝΜ ,
111111. 1111 1111111 11111 11111111111111111111, 11 2) „mmmmm W mm

. ..w-...- , 1) Edit. 1. 1111111 Aprilis, quod mendum eu.
1) me 11111111 111111111111111. , 1) 111. ventosa 1191111111111111111111.

17*

 

